1 0.5828125000 0.5250000000 0.6843750000 0.1888888889
3 0.2664062500 0.4750000000 0.0328125000 0.0666666667
3 0.3921875000 0.4986111111 0.0250000000 0.0527777778
3 0.4546875000 0.5041666667 0.0343750000 0.0527777778
3 0.5000000000 0.4930555556 0.0156250000 0.0527777778
3 0.5523437500 0.4805555556 0.0140625000 0.0611111111
3 0.6203125000 0.4944444444 0.0281250000 0.0444444444
3 0.6757812500 0.4958333333 0.0171875000 0.0305555556
3 0.7351562500 0.5097222222 0.0171875000 0.0416666667
3 0.7742187500 0.4763888889 0.0171875000 0.0472222222
3 0.8273437500 0.4694444444 0.0171875000 0.0500000000
