1 0.0523437500 0.8194444444 0.1046875000 0.2722222222
1 0.5171875000 0.5097222222 0.7250000000 0.2138888889
3 0.8257812500 0.4250000000 0.0328125000 0.0555555556
3 0.7500000000 0.4916666667 0.0281250000 0.0500000000
3 0.7195312500 0.4833333333 0.0203125000 0.0333333333
3 0.6328125000 0.5097222222 0.0125000000 0.0305555556
3 0.5718750000 0.5125000000 0.0156250000 0.0361111111
3 0.5179687500 0.5277777778 0.0140625000 0.0333333333
3 0.4804687500 0.4833333333 0.0234375000 0.0277777778
3 0.4000000000 0.5055555556 0.0156250000 0.0388888889
3 0.3804687500 0.5347222222 0.0140625000 0.0250000000
3 0.3617187500 0.5569444444 0.0109375000 0.0250000000
