1 0.4164062500 0.5263888889 0.6859375000 0.1916666667
3 0.7257812500 0.4847222222 0.0328125000 0.0694444444
3 0.6062500000 0.4972222222 0.0187500000 0.0444444444
3 0.5460937500 0.5027777778 0.0171875000 0.0388888889
3 0.4992187500 0.4888888889 0.0140625000 0.0333333333
3 0.4445312500 0.4805555556 0.0140625000 0.0444444444
3 0.3820312500 0.4930555556 0.0234375000 0.0361111111
3 0.3250000000 0.5000000000 0.0218750000 0.0333333333
3 0.2679687500 0.5138888889 0.0203125000 0.0277777778
3 0.2234375000 0.4736111111 0.0250000000 0.0416666667
3 0.1734375000 0.4708333333 0.0218750000 0.0472222222
