1 0.4195312500 0.4750000000 0.6890625000 0.1944444444
3 0.7273437500 0.5138888889 0.0390625000 0.0722222222
3 0.6070312500 0.5083333333 0.0265625000 0.0444444444
3 0.5453125000 0.4986111111 0.0187500000 0.0416666667
3 0.4468750000 0.5194444444 0.0125000000 0.0444444444
3 0.4984375000 0.5138888889 0.0125000000 0.0388888889
3 0.3781250000 0.5083333333 0.0250000000 0.0388888889
3 0.3250000000 0.5013888889 0.0218750000 0.0416666667
3 0.2710937500 0.4833333333 0.0359375000 0.0444444444
3 0.2250000000 0.5263888889 0.0156250000 0.0472222222
3 0.1718750000 0.5277777778 0.0125000000 0.0500000000
