1 0.4929687500 0.5583333333 0.1203125000 0.8777777778
3 0.4554687500 0.1638888889 0.0453125000 0.0500000000
3 0.4609375000 0.3069444444 0.0250000000 0.0305555556
3 0.4953125000 0.3027777778 0.0125000000 0.0222222222
3 0.5164062500 0.3527777778 0.0234375000 0.0166666667
3 0.5164062500 0.4097222222 0.0171875000 0.0138888889
3 0.5210937500 0.4750000000 0.0203125000 0.0166666667
3 0.5234375000 0.6180555556 0.0218750000 0.0250000000
3 0.4695312500 0.6875000000 0.0234375000 0.0250000000
3 0.5328125000 0.8513888889 0.0156250000 0.0138888889
3 0.5101562500 0.8736111111 0.0140625000 0.0305555556
3 0.5062500000 0.9347222222 0.0218750000 0.0361111111
