1 0.4835937500 0.4375000000 0.0796875000 0.6083333333
3 0.4585937500 0.7180555556 0.0296875000 0.0250000000
3 0.4593750000 0.6791666667 0.0125000000 0.0138888889
3 0.4953125000 0.6416666667 0.0156250000 0.0111111111
3 0.4835937500 0.5888888889 0.0109375000 0.0222222222
3 0.5000000000 0.5652777778 0.0125000000 0.0138888889
3 0.4992187500 0.5250000000 0.0171875000 0.0111111111
3 0.4812500000 0.5097222222 0.0062500000 0.0194444444
3 0.5054687500 0.3750000000 0.0171875000 0.0111111111
3 0.4945312500 0.3277777778 0.0109375000 0.0166666667
3 0.5070312500 0.3027777778 0.0171875000 0.0111111111
3 0.4859375000 0.2513888889 0.0156250000 0.0194444444
