1 0.5007812500 0.4972222222 0.1390625000 0.7388888889
2 0.4929687500 0.8111111111 0.0421875000 0.0611111111
3 0.4546875000 0.8027777778 0.0312500000 0.0388888889
3 0.4703125000 0.7388888889 0.0531250000 0.0277777778
3 0.4750000000 0.6930555556 0.0593750000 0.0527777778
3 0.4914062500 0.6347222222 0.0671875000 0.0472222222
3 0.4921875000 0.5847222222 0.0781250000 0.0472222222
3 0.4882812500 0.5291666667 0.0640625000 0.0416666667
3 0.5312500000 0.3680555556 0.0437500000 0.0583333333
3 0.5445312500 0.2708333333 0.0328125000 0.0527777778
