1 0.5101562500 0.3222222222 0.1484375000 0.6444444444
3 0.4578125000 0.5500000000 0.0531250000 0.0666666667
3 0.5398437500 0.5722222222 0.0484375000 0.0611111111
3 0.5531250000 0.5027777778 0.0343750000 0.0555555556
3 0.4757812500 0.4666666667 0.0421875000 0.0722222222
3 0.4789062500 0.3902777778 0.0296875000 0.0527777778
3 0.5453125000 0.3333333333 0.0343750000 0.0500000000
3 0.4664062500 0.2652777778 0.0453125000 0.0472222222
3 0.4992187500 0.1597222222 0.0328125000 0.0583333333
3 0.5265625000 0.0805555556 0.0218750000 0.0555555556
