1 0.5164062500 0.5638888889 0.0765625000 0.6111111111
3 0.5429687500 0.2833333333 0.0203125000 0.0277777778
3 0.5406250000 0.3208333333 0.0125000000 0.0138888889
3 0.5031250000 0.3194444444 0.0156250000 0.0166666667
3 0.5054687500 0.3597222222 0.0171875000 0.0138888889
3 0.5156250000 0.4138888889 0.0125000000 0.0277777778
3 0.4984375000 0.4333333333 0.0156250000 0.0166666667
3 0.4992187500 0.4736111111 0.0203125000 0.0138888889
3 0.5187500000 0.4888888889 0.0093750000 0.0222222222
3 0.4937500000 0.6250000000 0.0187500000 0.0166666667
3 0.5046875000 0.6708333333 0.0093750000 0.0194444444
3 0.4921875000 0.6958333333 0.0156250000 0.0138888889
3 0.5140625000 0.7500000000 0.0156250000 0.0222222222
