1 0.4992187500 0.4875000000 0.1265625000 0.6416666667
2 0.4859375000 0.4583333333 0.0281250000 0.0277777778
2 0.4593750000 0.7069444444 0.0281250000 0.0250000000
3 0.4914062500 0.7972222222 0.0265625000 0.0166666667
3 0.4656250000 0.7500000000 0.0312500000 0.0277777778
3 0.4484375000 0.7888888889 0.0125000000 0.0222222222
3 0.4843750000 0.6750000000 0.0687500000 0.0666666667
3 0.5070312500 0.5263888889 0.0421875000 0.0361111111
3 0.5156250000 0.4805555556 0.0312500000 0.0388888889
3 0.5210937500 0.4361111111 0.0359375000 0.0500000000
3 0.5273437500 0.3805555556 0.0359375000 0.0388888889
3 0.5312500000 0.3402777778 0.0281250000 0.0472222222
3 0.5296875000 0.2875000000 0.0187500000 0.0472222222
3 0.5320312500 0.2444444444 0.0171875000 0.0277777778
3 0.5453125000 0.2013888889 0.0312500000 0.0305555556
