1 0.4992187500 0.5069444444 0.1203125000 0.6472222222
2 0.5414062500 0.2916666667 0.0328125000 0.0333333333
2 0.5125000000 0.5361111111 0.0343750000 0.0277777778
3 0.5343750000 0.2458333333 0.0250000000 0.0250000000
3 0.5531250000 0.2125000000 0.0125000000 0.0305555556
3 0.5062500000 0.2000000000 0.0187500000 0.0166666667
3 0.5171875000 0.3250000000 0.0687500000 0.0611111111
3 0.4890625000 0.4736111111 0.0437500000 0.0527777778
3 0.4835937500 0.5166666667 0.0328125000 0.0388888889
3 0.4757812500 0.5652777778 0.0328125000 0.0472222222
3 0.4734375000 0.6180555556 0.0312500000 0.0416666667
3 0.4656250000 0.6638888889 0.0250000000 0.0388888889
3 0.4664062500 0.7180555556 0.0203125000 0.0416666667
3 0.4640625000 0.7583333333 0.0187500000 0.0333333333
3 0.4546875000 0.8013888889 0.0281250000 0.0250000000
