1 0.5078125000 0.5583333333 0.1281250000 0.8777777778
3 0.5437500000 0.1652777778 0.0468750000 0.0527777778
3 0.5046875000 0.3041666667 0.0156250000 0.0250000000
3 0.4828125000 0.3527777778 0.0218750000 0.0166666667
3 0.4843750000 0.4111111111 0.0187500000 0.0166666667
3 0.4804687500 0.4736111111 0.0234375000 0.0138888889
3 0.4765625000 0.6180555556 0.0250000000 0.0250000000
3 0.5304687500 0.6833333333 0.0265625000 0.0388888889
3 0.4898437500 0.8777777778 0.0109375000 0.0277777778
3 0.4921875000 0.9347222222 0.0218750000 0.0305555556
