1 0.6671875000 0.5986111111 0.0718750000 0.7027777778
3 0.6742187500 0.3416666667 0.0390625000 0.0333333333
3 0.6898437500 0.4055555556 0.0109375000 0.0166666667
3 0.6851562500 0.4319444444 0.0171875000 0.0250000000
3 0.6710937500 0.4680555556 0.0265625000 0.0305555556
3 0.6804687500 0.5541666667 0.0203125000 0.0250000000
3 0.6867187500 0.6027777778 0.0234375000 0.0222222222
3 0.6562500000 0.6402777778 0.0281250000 0.0250000000
3 0.6507812500 0.7861111111 0.0234375000 0.0277777778
3 0.6812500000 0.8222222222 0.0281250000 0.0388888889
3 0.6710937500 0.9069444444 0.0265625000 0.0416666667
