1 0.5148437500 0.4361111111 0.0765625000 0.6055555556
3 0.5429687500 0.7194444444 0.0203125000 0.0277777778
3 0.5382812500 0.6805555556 0.0140625000 0.0166666667
3 0.5046875000 0.6777777778 0.0156250000 0.0222222222
3 0.5039062500 0.6402777778 0.0140625000 0.0194444444
3 0.5164062500 0.5888888889 0.0109375000 0.0222222222
3 0.5007812500 0.5652777778 0.0109375000 0.0194444444
3 0.4992187500 0.5222222222 0.0171875000 0.0166666667
3 0.5179687500 0.5111111111 0.0078125000 0.0222222222
3 0.4929687500 0.3750000000 0.0171875000 0.0166666667
3 0.5054687500 0.3263888889 0.0078125000 0.0194444444
3 0.4914062500 0.3055555556 0.0140625000 0.0166666667
3 0.5117187500 0.2541666667 0.0140625000 0.0250000000
