1 0.6382812500 0.5013888889 0.1640625000 0.7638888889
3 0.6640625000 0.1902777778 0.0500000000 0.0305555556
3 0.6078125000 0.2375000000 0.0406250000 0.0194444444
3 0.6132812500 0.2902777778 0.0390625000 0.0250000000
3 0.6171875000 0.3375000000 0.0312500000 0.0250000000
3 0.6343750000 0.4416666667 0.0375000000 0.0277777778
3 0.6125000000 0.5805555556 0.0218750000 0.0222222222
3 0.5992187500 0.6263888889 0.0328125000 0.0194444444
3 0.6312500000 0.6791666667 0.0250000000 0.0305555556
3 0.6281250000 0.7250000000 0.0281250000 0.0277777778
3 0.6265625000 0.7736111111 0.0281250000 0.0250000000
