1 0.4937500000 0.4402777778 0.1218750000 0.8805555556
3 0.4593750000 0.8347222222 0.0468750000 0.0527777778
3 0.4632812500 0.6916666667 0.0234375000 0.0277777778
3 0.4945312500 0.6986111111 0.0140625000 0.0250000000
3 0.5156250000 0.6486111111 0.0250000000 0.0194444444
3 0.5187500000 0.5222222222 0.0218750000 0.0166666667
3 0.5218750000 0.3819444444 0.0218750000 0.0250000000
3 0.4718750000 0.3180555556 0.0250000000 0.0361111111
3 0.5070312500 0.0652777778 0.0234375000 0.0361111111
3 0.5093750000 0.1250000000 0.0156250000 0.0333333333
