1 0.4992187500 0.5069444444 0.1203125000 0.6416666667
2 0.4882812500 0.5388888889 0.0328125000 0.0388888889
2 0.4640625000 0.2972222222 0.0375000000 0.0388888889
3 0.4695312500 0.2486111111 0.0296875000 0.0361111111
3 0.4492187500 0.2152777778 0.0171875000 0.0250000000
3 0.4992187500 0.2027777778 0.0234375000 0.0333333333
3 0.5101562500 0.4736111111 0.0359375000 0.0416666667
3 0.5195312500 0.5152777778 0.0265625000 0.0361111111
3 0.5242187500 0.5652777778 0.0328125000 0.0472222222
3 0.5296875000 0.6166666667 0.0343750000 0.0333333333
3 0.5328125000 0.6625000000 0.0250000000 0.0472222222
3 0.5312500000 0.7152777778 0.0218750000 0.0361111111
3 0.5476562500 0.7972222222 0.0234375000 0.0222222222
