1 0.4812500000 0.5013888889 0.7281250000 0.2194444444
1 0.9460937500 0.8222222222 0.1046875000 0.2666666667
3 0.1757812500 0.4263888889 0.0390625000 0.0583333333
3 0.2523437500 0.4958333333 0.0265625000 0.0416666667
3 0.2812500000 0.4833333333 0.0187500000 0.0222222222
3 0.3679687500 0.5138888889 0.0140625000 0.0333333333
3 0.4312500000 0.5152777778 0.0187500000 0.0361111111
3 0.4859375000 0.5319444444 0.0125000000 0.0250000000
3 0.5171875000 0.4805555556 0.0187500000 0.0333333333
3 0.5992187500 0.5041666667 0.0171875000 0.0305555556
