1 0.3304687500 0.4000000000 0.0703125000 0.7166666667
3 0.3281250000 0.0930555556 0.0250000000 0.0305555556
3 0.3195312500 0.1791666667 0.0265625000 0.0305555556
3 0.3531250000 0.2180555556 0.0187500000 0.0194444444
3 0.3437500000 0.3569444444 0.0250000000 0.0250000000
3 0.3132812500 0.3930555556 0.0234375000 0.0250000000
3 0.3218750000 0.4402777778 0.0218750000 0.0250000000
3 0.3296875000 0.5305555556 0.0250000000 0.0333333333
3 0.3156250000 0.5652777778 0.0125000000 0.0250000000
3 0.3125000000 0.5916666667 0.0156250000 0.0166666667
3 0.3273437500 0.6541666667 0.0390625000 0.0305555556
