1 0.5617187500 0.5361111111 0.6578125000 0.4055555556
3 0.8250000000 0.6972222222 0.0500000000 0.0833333333
3 0.8367187500 0.5791666667 0.0328125000 0.0750000000
3 0.7625000000 0.6611111111 0.0312500000 0.0555555556
3 0.7265625000 0.5861111111 0.0187500000 0.0500000000
3 0.7015625000 0.5500000000 0.0343750000 0.0555555556
3 0.6085937500 0.5777777778 0.0328125000 0.0500000000
3 0.5796875000 0.5180555556 0.0343750000 0.0583333333
3 0.5000000000 0.5375000000 0.0375000000 0.0305555556
3 0.4656250000 0.4861111111 0.0312500000 0.0388888889
