1 0.5046875000 0.4361111111 0.1250000000 0.8722222222
3 0.4929687500 0.0625000000 0.0203125000 0.0250000000
3 0.4898437500 0.1236111111 0.0140625000 0.0305555556
3 0.5312500000 0.3138888889 0.0281250000 0.0222222222
3 0.4781250000 0.3805555556 0.0250000000 0.0277777778
3 0.4796875000 0.5236111111 0.0218750000 0.0138888889
3 0.4835937500 0.6472222222 0.0234375000 0.0166666667
3 0.5382812500 0.6944444444 0.0234375000 0.0277777778
3 0.5070312500 0.6958333333 0.0140625000 0.0194444444
3 0.5445312500 0.8333333333 0.0484375000 0.0500000000
