1 0.5789062500 0.4763888889 0.6890625000 0.1916666667
3 0.2710937500 0.5125000000 0.0421875000 0.0694444444
3 0.3929687500 0.5041666667 0.0203125000 0.0416666667
3 0.4531250000 0.4958333333 0.0187500000 0.0361111111
3 0.5000000000 0.5069444444 0.0156250000 0.0472222222
3 0.5523437500 0.5194444444 0.0203125000 0.0555555556
3 0.6187500000 0.5069444444 0.0250000000 0.0361111111
3 0.6757812500 0.5055555556 0.0203125000 0.0388888889
3 0.7304687500 0.4875000000 0.0234375000 0.0305555556
3 0.7757812500 0.5236111111 0.0171875000 0.0527777778
3 0.8289062500 0.5277777778 0.0203125000 0.0611111111
