1 0.4835937500 0.5625000000 0.0765625000 0.6138888889
3 0.4882812500 0.7444444444 0.0140625000 0.0222222222
3 0.5085937500 0.6930555556 0.0140625000 0.0138888889
3 0.4953125000 0.6708333333 0.0093750000 0.0194444444
3 0.5078125000 0.6263888889 0.0218750000 0.0194444444
3 0.4992187500 0.4750000000 0.0171875000 0.0166666667
3 0.4828125000 0.4888888889 0.0125000000 0.0166666667
3 0.5000000000 0.4333333333 0.0125000000 0.0166666667
3 0.4835937500 0.4097222222 0.0109375000 0.0250000000
3 0.4953125000 0.3569444444 0.0093750000 0.0138888889
3 0.4578125000 0.2805555556 0.0218750000 0.0277777778
3 0.4609375000 0.3236111111 0.0125000000 0.0138888889
3 0.4937500000 0.3180555556 0.0125000000 0.0194444444
