0 0.3672316385 0.7181418706 0.0163214060 0.0217618750
0 0.8725828728 0.7099447514 0.0352209944 0.0349907917
0 0.8665803109 0.5877950489 0.0336787566 0.0426021878
0 0.7050949914 0.7311456534 0.0181347150 0.0230282097
0 0.6360497238 0.3144567219 0.0138121548 0.0211786373
0 0.7472245066 0.4570997807 0.0507812500 0.0764802632
0 0.7837171053 0.3186677632 0.0678453947 0.1115679825
0 0.6684892087 0.5502158274 0.0425899280 0.0583213429
0 0.6388121547 0.3324125230 0.0151933703 0.0202578268
0 0.8022452504 0.6672423718 0.0241796201 0.0333909038
0 0.8635840369 0.6497825530 0.0333844973 0.0368380661
0 0.2790332706 0.5984515589 0.0307595732 0.0351537977
0 0.2981795356 0.6947060055 0.0112994350 0.0267838459
