0 0.3137974684 0.8656313302 0.1486075949 0.1701553005
0 0.4437974684 0.7987846050 0.0800000000 0.1127616475
0 0.3770886076 0.7214719784 0.0711392405 0.0850776502
0 0.4892405063 0.6326806212 0.0286075949 0.0627954085
0 0.7684810127 0.9549291020 0.1698734177 0.0779878460
0 0.8313924051 0.9466576637 0.0946835443 0.0945307225
0 0.7116455696 0.6703241053 0.0941772152 0.1117488184
0 0.8343037975 0.4723160027 0.1430379747 0.1559756921
0 0.8064556962 0.4071573261 0.0883544304 0.0621201891
0 0.6693670886 0.3582039163 0.0349367089 0.0817015530
0 0.5367088608 0.3794733288 0.0805063291 0.0735989196
0 0.4583544304 0.4353477380 0.1258227848 0.1279540851
