0 0.7060393258 0.3121722846 0.0946629213 0.1029962547
0 0.6294943820 0.4007490637 0.0640449438 0.0846441948
0 0.3882022472 0.4297752809 0.0808988764 0.0865168539
0 0.4359550562 0.3307116105 0.0994382022 0.1078651685
0 0.5719101124 0.1700374532 0.0629213483 0.0591760300
0 0.4891853933 0.5814606742 0.1306179775 0.1352059925
0 0.8495786517 0.5106741573 0.1210674157 0.1344569288
0 0.6778089888 0.4822097378 0.0775280899 0.0662921348
0 0.9526685393 0.5880149813 0.0351123596 0.0397003745
0 0.9165730337 0.3290262172 0.0443820225 0.0363295880
0 0.5121093750 0.3712500000 0.0417187500 0.0475000000
