0 0.6268258427 0.3138576779 0.0755617978 0.0973782772
0 0.5008426966 0.3546816479 0.0769662921 0.1063670412
0 0.3519662921 0.4593632959 0.0814606742 0.1000000000
0 0.3594101124 0.3305243446 0.0193820225 0.0183520599
0 0.3740168539 0.3823970037 0.0221910112 0.0224719101
0 0.3992977528 0.4951310861 0.0176966292 0.0194756554
0 0.4103932584 0.5102996255 0.0235955056 0.0258426966
0 0.3870786517 0.6402621723 0.0483146067 0.0558052434
0 0.4469101124 0.6102996255 0.0460674157 0.0505617978
0 0.5592696629 0.4685393258 0.0398876404 0.0704119850
