0 0.4562114198 0.4560185185 0.0362654321 0.0360082305
0 0.4410686728 0.4934413580 0.0360725309 0.0336934156
0 0.6237461420 0.5802469136 0.0380015432 0.0339506173
0 0.6376350309 0.5437242798 0.0391589506 0.0339506173
0 0.6217206790 0.4736368313 0.0397376543 0.0347222222
0 0.6366705247 0.4340277778 0.0391589506 0.0331790123
0 0.4355709877 0.3837448560 0.0374228395 0.0344650206
0 0.4506172840 0.3451646091 0.0347222222 0.0354938272
0 0.6250000000 0.3554526749 0.0412808642 0.0360082305
0 0.6398533951 0.3149434156 0.0408950617 0.0342078189
0 0.4293981481 0.2672325103 0.0374228395 0.0365226337
0 0.4470486111 0.2262088477 0.0380015432 0.0378086420
