0 0.4259493671 0.4868332208 0.0559493671 0.1390952059
0 0.5421518987 0.4689399055 0.0549367089 0.1384199865
0 0.3963291139 0.2437542201 0.0427848101 0.1134368670
0 0.4815189873 0.2417285618 0.0400000000 0.1120864281
0 0.3915189873 0.3669817691 0.0215189873 0.0810263336
0 0.3281012658 0.5320729237 0.0313924051 0.0783254558
0 0.3292405063 0.6426401080 0.0848101266 0.1022957461
0 0.3292405063 0.7260297097 0.1146835443 0.1441593518
0 0.5129113924 0.8733963538 0.0541772152 0.0621201891
0 0.5326582278 0.9544226874 0.0592405063 0.0708980419
0 0.4910126582 0.7496623903 0.0215189873 0.0415259959
