0 0.4482876712 0.4828006088 0.0687214612 0.0730593607
0 0.5200913242 0.4450532725 0.0666666667 0.0700152207
0 0.2845890411 0.2735159817 0.0468036530 0.0490106545
0 0.3372146119 0.2496194825 0.0342465753 0.0456621005
0 0.3182648402 0.1001522070 0.0657534247 0.0681887367
0 0.3968036530 0.0767123288 0.0625570776 0.0608828006
0 0.3808219178 0.5613394216 0.0141552511 0.0292237443
0 0.3439497717 0.5893455099 0.0276255708 0.0304414003
0 0.3696347032 0.6397260274 0.0292237443 0.0350076104
0 0.4190639269 0.7353120244 0.0331050228 0.0386605784
0 0.4735159817 0.6951293760 0.0269406393 0.0380517504
