0 0.4133426966 0.1194756554 0.1053370787 0.1198501873
0 0.1075842697 0.1799625468 0.1365168539 0.1531835206
0 0.1383426966 0.4132958801 0.0997191011 0.1044943820
0 0.3615168539 0.3370786517 0.0640449438 0.0861423221
0 0.5132022472 0.6917602996 0.0539325843 0.0674157303
0 0.4165730337 0.6131086142 0.0640449438 0.0846441948
0 0.5325842697 0.4859550562 0.1123595506 0.1299625468
0 0.2599719101 0.5383895131 0.0626404494 0.0797752809
0 0.2290730337 0.6393258427 0.1446629213 0.1610486891
0 0.1733146067 0.8921348315 0.0702247191 0.0928838951
