0 0.2584876543 0.2941100823 0.0852623457 0.1180555556
0 0.3153935185 0.2894804527 0.0895061728 0.1283436214
0 0.4176311728 0.2897376543 0.0871913580 0.1226851852
0 0.6503665123 0.2959104938 0.0862268519 0.1216563786
0 0.7526041667 0.3092849794 0.0893132716 0.1247427984
0 0.8133680556 0.2984825103 0.0916280864 0.1216563786
0 0.2730516975 0.7479423868 0.0846836420 0.1275720165
0 0.3331404321 0.7699331276 0.0794753086 0.1288580247
0 0.4297839506 0.7519290123 0.0852623457 0.1304012346
0 0.6660879630 0.7569444444 0.0833333333 0.1234567901
0 0.8282214506 0.7605452675 0.0765817901 0.1265432099
0 0.7687114198 0.7863940329 0.0991512346 0.1319444444
