0 0.1320872274 0.3481512256 0.1295950156 0.1196510179
0 0.1797507788 0.4223099294 0.0903426791 0.0859991691
0 0.4478193146 0.3577066888 0.1062305296 0.1146655588
0 0.4442367601 0.4148317408 0.0809968847 0.0868300789
0 0.5000000000 0.6252596593 0.1408099688 0.1528874117
0 0.0672897196 0.6425010386 0.1308411215 0.1483174076
0 0.2721183801 0.5471541338 0.0894080997 0.0739509763
0 0.2811526480 0.1780224346 0.0669781931 0.0610718737
0 0.3454828660 0.8502285002 0.0398753894 0.0519318654
0 0.2227414330 0.9453676776 0.0504672897 0.0868300789
0 0.2231985939 0.7580172214 0.0456942003 0.0660164445
0 0.4969546626 0.9617742534 0.0398324741 0.0749921446
