0 0.5168189964 0.6899695987 0.0361193822 0.0687579618
0 0.6200934579 0.8226007478 0.0451713396 0.0556709597
0 0.3839563863 0.5315745742 0.1380062305 0.1358537599
0 0.8356697819 0.6341919402 0.1728971963 0.1940174491
0 0.5928348910 0.4754881595 0.0778816199 0.0751973411
0 0.5140186916 0.3656003324 0.0834890966 0.0839218945
0 0.4847352025 0.2814707104 0.1084112150 0.1134191940
0 0.7870716511 0.4004985459 0.0894080997 0.0963855422
0 0.7990654206 0.3267552971 0.1320872274 0.1416701288
0 0.6417445483 0.1175737432 0.0641744548 0.0639800582
0 0.4946243452 0.8618645027 0.0523862698 0.0882455123
