0 0.7546348315 0.0234082397 0.0918539326 0.0460674157
0 0.4501404494 0.0507490637 0.1036516854 0.0932584270
0 0.4429775281 0.2518726592 0.0820224719 0.0902621723
0 0.6550561798 0.2132958801 0.0634831461 0.0872659176
0 0.8294943820 0.3973782772 0.1280898876 0.1288389513
0 0.5334269663 0.3956928839 0.0584269663 0.0730337079
0 0.5068820225 0.4797752809 0.1272471910 0.1445692884
0 0.6689606742 0.5035580524 0.0637640449 0.0820224719
0 0.3912921348 0.5745318352 0.0505617978 0.0674157303
0 0.7636235955 0.6112359551 0.0609550562 0.0711610487
0 0.4244382022 0.6910112360 0.0578651685 0.0726591760
