0 0.6416875000 0.1372500000 0.0853750000 0.0848333333
0 0.6688750000 0.1633333333 0.1042500000 0.1423333333
0 0.7418750000 0.2131666667 0.1810000000 0.2136666667
0 0.4042500000 0.1836666667 0.0895000000 0.0746666667
0 0.3579375000 0.2419166667 0.1178750000 0.1071666667
0 0.2747500000 0.3464166667 0.1765000000 0.1885000000
0 0.4108750000 0.4190833333 0.0807500000 0.0888333333
0 0.6253750000 0.3720000000 0.0847500000 0.0896666667
0 0.6610625000 0.4702500000 0.1076250000 0.1175000000
0 0.7171250000 0.6208333333 0.1540000000 0.1730000000
0 0.3231250000 0.7073333333 0.1472500000 0.1560000000
0 0.3762500000 0.5280000000 0.1082500000 0.1130000000
