0 0.1825814212 0.0967184801 0.0611904761 0.0532938562
0 0.5803370787 0.5578651685 0.0264044944 0.0543071161
0 0.5544943820 0.6001872659 0.0308988764 0.0602996255
0 0.4898876404 0.6973782772 0.0376404494 0.0779026217
0 0.4469101124 0.7638576779 0.0471910112 0.0932584270
0 0.6070224719 0.4144194757 0.0483146067 0.0445692884
0 0.5266853933 0.4119850187 0.0477528090 0.0441947566
0 0.3679775281 0.4058052434 0.0455056180 0.0430711610
0 0.3601123596 0.0808988764 0.0606741573 0.0629213483
0 0.0234550562 0.0151685393 0.0452247191 0.0273408240
0 0.2748581298 0.0865202730 0.0700715517 0.0598733446
