0 0.7424657534 0.8665144597 0.0287671233 0.0362252664
0 0.7130136986 0.8888888889 0.0292237443 0.0395738204
0 0.7114155251 0.8057838661 0.0310502283 0.0371385084
0 0.6415525114 0.4410958904 0.0557077626 0.1461187215
0 0.4978310502 0.1642313546 0.1121004566 0.1220700152
0 0.5196347032 0.4051750381 0.0872146119 0.0913242009
0 0.4299086758 0.5482496195 0.1470319635 0.1619482496
0 0.8711187215 0.5703196347 0.1737442922 0.2060882801
0 0.7613013699 0.4048706240 0.0810502283 0.0797564688
0 0.8006849315 0.1479452055 0.1319634703 0.1430745814
0 0.6429223744 0.0811263318 0.0406392694 0.1293759513
