0 0.5664556962 0.2689061445 0.0417721519 0.0962187711
0 0.4721518987 0.3789669142 0.0774683544 0.0908170155
0 0.4151898734 0.4216745442 0.0612658228 0.0675219446
0 0.6600000000 0.3701890614 0.0789873418 0.0860904794
0 0.6218987342 0.4176232275 0.0610126582 0.0661715057
0 0.6270886076 0.5519918974 0.0465822785 0.1093855503
0 0.7573417722 0.5884537475 0.0959493671 0.0979068197
0 0.4686075949 0.6083727211 0.0967088608 0.1053342336
0 0.3915189873 0.8798109386 0.0346835443 0.0418636057
0 0.5841772152 0.9333220797 0.0407594937 0.0428764348
0 0.6532911392 0.9544226874 0.0422784810 0.0445644835
