0 0.8680138839 0.3382618102 0.0944843130 0.0995311936
0 0.6004336459 0.3296069239 0.0807807429 0.0985695397
0 0.9262475876 0.0794044665 0.1430934655 0.1499862146
0 0.5922374429 0.0990867580 0.1191780822 0.1360730594
0 0.7547945205 0.0427701674 0.0502283105 0.0782343988
0 0.7083333333 0.4203957382 0.0559360731 0.1418569254
0 0.9212328767 0.5295281583 0.1488584475 0.1841704718
0 0.4885844749 0.4913242009 0.1337899543 0.1589041096
0 0.5648401826 0.5933028919 0.0963470320 0.1077625571
0 0.8745433790 0.7302891933 0.0609589041 0.1248097412
0 0.5998858447 0.8324200913 0.1226027397 0.1567732116
0 0.5204628545 0.5461088977 0.0790414811 0.0816154989
