0 0.5275949367 0.5697164078 0.0526582278 0.0989196489
0 0.5717721519 0.5202565834 0.0448101266 0.0817015530
0 0.6184810127 0.4694463201 0.0359493671 0.0712356516
0 0.5232911392 0.3885887914 0.0551898734 0.0985820392
0 0.3829113924 0.3365968940 0.0453164557 0.0790006752
0 0.3279746835 0.5183997299 0.0518987342 0.0827143822
0 0.3843037975 0.4814314652 0.0425316456 0.0756245780
0 0.5664556962 0.4088453747 0.0230379747 0.0249831195
0 0.4696363930 0.3580026762 0.0517485456 0.0802591823
0 0.3475554253 0.3237761069 0.0343321919 0.0721126276
0 0.4542512833 0.4395594212 0.0412854273 0.0613061887
