0 0.2651685393 0.7964419476 0.0786516854 0.0827715356
0 0.3369382022 0.6383895131 0.0626404494 0.0647940075
0 0.3745786517 0.5893258427 0.0390449438 0.0475655431
0 0.3998595506 0.2548689139 0.0446629213 0.0423220974
0 0.5110955056 0.3677902622 0.0744382022 0.0823970037
0 0.4904494382 0.4129213483 0.0612359551 0.0602996255
0 0.5612359551 0.5438202247 0.0837078652 0.0876404494
0 0.2900280899 0.5928838951 0.0969101124 0.1011235955
0 0.3002808989 0.4374531835 0.0646067416 0.0689138577
0 0.2971910112 0.3780898876 0.0775280899 0.0812734082
