0 0.8170886076 0.6441593518 0.0878481013 0.0958811614
0 0.5982278481 0.7775151924 0.0911392405 0.1147873059
0 0.4045569620 0.5158676570 0.0531645570 0.0735989196
0 0.4893670886 0.5074274139 0.0612658228 0.0506414585
0 0.7031645570 0.4208305199 0.0767088608 0.0874409183
0 0.4059493671 0.4063133018 0.1141772152 0.1198514517
0 0.5435443038 0.2272113437 0.0668354430 0.0790006752
0 0.5026582278 0.1402768400 0.0979746835 0.1158001350
0 0.7892405063 0.1218771101 0.1035443038 0.1174881837
0 0.7618987342 0.2189399055 0.0751898734 0.0847400405
0 0.7768354430 0.4199864956 0.1329113924 0.1411208643
