0 0.4115189873 0.5081026334 0.1070886076 0.1303173531
0 0.5010126582 0.4643821742 0.0749367089 0.1090479406
0 0.5692405063 0.4253882512 0.0534177215 0.0918298447
0 0.4431645570 0.3506076975 0.0301265823 0.0739365294
0 0.3708860759 0.3730587441 0.0318987342 0.0796758947
0 0.2813924051 0.4049628629 0.0382278481 0.0908170155
0 0.5007594937 0.8026671168 0.0141772152 0.0347738015
0 0.6275949367 0.7510128292 0.0156962025 0.0320729237
0 0.5589873418 0.7243416610 0.0136708861 0.0232950709
0 0.6113924051 0.7873058744 0.0167088608 0.0344361918
