0 0.4943037975 0.6764010804 0.0600000000 0.0712356516
0 0.5298734177 0.6369007427 0.0946835443 0.1063470628
0 0.6503797468 0.8609047941 0.0643037975 0.0925050641
0 0.6015189873 0.8993923025 0.0313924051 0.0817015530
0 0.2489873418 0.6178257934 0.0858227848 0.0904794058
0 0.3820253165 0.5774814315 0.0374683544 0.0901417961
0 0.5477215190 0.4772113437 0.0635443038 0.0732613099
0 0.5259493671 0.3327143822 0.0807594937 0.0941931128
0 0.3572151899 0.4699527346 0.0648101266 0.0668467252
0 0.4529113924 0.4550979068 0.0217721519 0.0324105334
0 0.3113924051 0.3268062120 0.0825316456 0.0871033086
0 0.4169620253 0.2776839973 0.0298734177 0.0867656989
0 0.3854365562 0.7310150057 0.0553723311 0.0722218751
