0 0.1907894737 0.4713896825 0.0117159336 0.0158652312
0 0.0074421168 0.6309798069 0.0132304301 0.0194826271
0 0.1338202865 0.6561601837 0.0157111356 0.0205854176
0 0.1666145915 0.6978644675 0.0167161381 0.0206265362
0 0.2792877227 0.9507556114 0.0193689471 0.0283310171
0 0.3377069666 0.8534718976 0.0187441422 0.0212482630
0 0.4175854465 0.6776645932 0.0143329657 0.0187474338
0 0.2349779493 0.7136890738 0.0168136716 0.0216882077
0 0.3042998898 0.8223139109 0.0170893055 0.0220558043
0 0.3716082882 0.5467467455 0.0086334484 0.0098690748
0 0.2472866304 0.4278243936 0.0086334484 0.0075662907
0 0.4027012128 0.0229747963 0.0347298789 0.0452143992
0 0.3448096886 0.1072911860 0.0356401384 0.0493770189
0 0.3058823529 0.0858329488 0.0332179931 0.0489155515
0 0.4399653979 0.0373788648 0.0321799308 0.0470696816
0 0.5297577855 0.2838024919 0.0249134948 0.0387632672
0 0.4766435986 0.3444854638 0.0259515571 0.0410706045
0 0.4167820069 0.4116289802 0.0301038062 0.0415320720
0 0.2049827330 0.3890060328 0.0074000986 0.0108559825
0 0.3198075974 0.4960854947 0.0091267886 0.0105270134
0 0.3358950327 0.5834523043 0.0071227740 0.0074993867
0 0.3685226019 0.7487945625 0.0176405734 0.0176446433
0 0.3959481808 0.7758129229 0.0146085997 0.0209530143
0 0.4443219405 0.6989852040 0.0154355017 0.0165418533
0 0.2499218993 0.9199247983 0.0187441426 0.0241646913
0 0.1939074398 0.7574486987 0.0199179848 0.0218757748
0 0.1526507576 0.6926557464 0.0190962349 0.0235434199
0 0.0465821389 0.6817081571 0.0176405734 0.0224234015
0 0.1781630740 0.5609541433 0.0136832242 0.0149987739
0 0.2163842827 0.4947067653 0.0124369142 0.0158652317
