0 0.6845000000 0.8146666667 0.0390000000 0.0593333333
0 0.6576250000 0.7436666667 0.0162500000 0.0200000000
0 0.6021250000 0.7451666667 0.0147500000 0.0216666667
0 0.5965000000 0.8086666667 0.0205000000 0.0566666667
0 0.5383750000 0.7356666667 0.0172500000 0.0380000000
0 0.5348750000 0.8066666667 0.0227500000 0.0566666667
0 0.4383750000 0.7441666667 0.0147500000 0.0216666667
0 0.4173750000 0.8005000000 0.0342500000 0.0563333333
0 0.3495000000 0.8018333333 0.0425000000 0.0583333333
0 0.2682500000 0.7985000000 0.0595000000 0.0436666667
0 0.3265000000 0.7488333333 0.0140000000 0.0090000000
