0 0.2730379747 0.4898717083 0.0721518987 0.1154625253
0 0.3321518987 0.4373733964 0.0582278481 0.0962187711
0 0.4159493671 0.3691762323 0.0425316456 0.0847400405
0 0.6210126582 0.4091829845 0.0389873418 0.0688723835
0 0.5863291139 0.4945982444 0.0460759494 0.0877785280
0 0.5601265823 0.5558744092 0.0483544304 0.1029709656
0 0.6731645570 0.5876097232 0.0298734177 0.0455773126
0 0.4562025316 0.7753207292 0.0151898734 0.0307224848
0 0.4537974684 0.7375084402 0.0149367089 0.0259959487
0 0.4500266644 0.3451853869 0.0409712347 0.0783303937
