0 0.5674683544 0.4058068872 0.0356962025 0.0357866307
0 0.6126582278 0.3789669142 0.0298734177 0.0313977043
0 0.6668354430 0.4042876435 0.0197468354 0.0273463876
0 0.6224050633 0.4316340311 0.0220253165 0.0300472654
0 0.4703797468 0.4130654963 0.0374683544 0.0563808238
0 0.3477215190 0.4729912221 0.0539240506 0.0810263336
0 0.2707594937 0.5167116813 0.0660759494 0.0982444294
0 0.4450632911 0.4608372721 0.0394936709 0.0411883862
0 0.5065822785 0.5006752194 0.0258227848 0.0317353140
0 0.6549367089 0.5786630655 0.0572151899 0.0587440918
0 0.7340506329 0.6149561107 0.0675949367 0.0901417961
