0 0.4953164557 0.5067521945 0.0564556962 0.1269412559
0 0.4198734177 0.4675894666 0.0635443038 0.0681971641
0 0.5753164557 0.1115800135 0.0655696203 0.0604321404
0 0.6670886076 0.1239027684 0.0567088608 0.1309925726
0 0.7375949367 0.3310263336 0.0453164557 0.0968939905
0 0.6700000000 0.3119513842 0.0493670886 0.0492910196
0 0.7936708861 0.6490546928 0.0805063291 0.1063470628
0 0.6717721519 0.8256245780 0.0270886076 0.0347738015
0 0.6205063291 0.7832545577 0.0243037975 0.0303848751
0 0.6382278481 0.8766036462 0.0283544304 0.0374746793
