0 0.6480709072 0.7570385819 0.0198123044 0.0528328120
0 0.3900293255 0.6819159336 0.0222873899 0.0297165201
0 0.3436950147 0.7812316716 0.0175953079 0.0453567937
0 0.8846641244 0.5238564585 0.0498679965 0.1013004792
0 0.2362075617 0.3665123457 0.0761959877 0.1003086420
0 0.2418981481 0.5227623457 0.0833333333 0.1021090535
0 0.3822337963 0.4816100823 0.0758101852 0.0954218107
0 0.3776041667 0.5309927984 0.0727237654 0.0707304527
0 0.7350501543 0.3260030864 0.0777391975 0.1072530864
0 0.7350501543 0.4888117284 0.0731095679 0.0974794239
0 0.7454668210 0.5308641975 0.0704089506 0.0802469136
0 0.8772183642 0.3584104938 0.0758101852 0.0938786008
0 0.8799189815 0.5083590535 0.0773533951 0.1015946502
0 0.3801444043 0.3294825512 0.0750902527 0.0938628158
0 0.7357865742 0.4807427056 0.0608039176 0.0807998367
0 0.2410557185 0.7519061583 0.0187683285 0.0304985337
0 0.4736070382 0.7953079178 0.0193548387 0.0484848485
0 0.7659019813 0.7549530761 0.0218978102 0.0514424748
0 0.3899895724 0.9325686479 0.0198123046 0.0271115746
