0 0.3377215190 0.8698514517 0.0177215190 0.0259959487
0 0.4527848101 0.9866644159 0.0377215190 0.0219446320
0 0.4468354430 0.9113774477 0.0415189873 0.0773126266
0 0.4382278481 0.8620864281 0.0379746835 0.0604321404
0 0.3817721519 0.5310600945 0.0632911392 0.0580688724
0 0.4596202532 0.4967927076 0.0675949367 0.0692099932
0 0.5411392405 0.6107359892 0.1065822785 0.1154625253
0 0.2096202532 0.6019581364 0.1230379747 0.1249155976
0 0.2451898734 0.4864956111 0.0721518987 0.0769750169
0 0.2256962025 0.3477380149 0.0918987342 0.0992572586
0 0.4882278481 0.3874071573 0.0797468354 0.0928426739
0 0.3553164557 0.2397029034 0.0529113924 0.0465901418
