0 0.4697916667 0.6329861111 0.1041666666 0.0784722222
0 0.3666419936 0.1079036105 0.0296076980 0.0730323217
0 0.5625976563 0.3940104167 0.0427734375 0.0791666667
0 0.4712500000 0.1334166667 0.0537500000 0.0518333333
0 0.5671250000 0.1785833333 0.0872500000 0.0835000000
0 0.4575625000 0.2193333333 0.0411250000 0.1096666667
0 0.7111250000 0.3074166667 0.1107500000 0.1148333333
0 0.6603750000 0.5548333333 0.0937500000 0.1000000000
0 0.3081674069 0.3663130192 0.0764877867 0.0378320587
0 0.4078125000 0.5372916667 0.0925000000 0.0437500000
0 0.5795121594 0.2637988085 0.0486375622 0.1195429240
