0 0.5021604938 0.5041152263 0.0553497942 0.1396433471
0 0.3991769547 0.4869684499 0.0522633745 0.1338820302
0 0.5893004115 0.3666666667 0.0353909465 0.0858710562
0 0.5610082305 0.0724279835 0.0454732510 0.1289437586
0 0.4531893004 0.0796982167 0.0454732510 0.1231824417
0 0.4223251029 0.8964334705 0.0380658436 0.0545953361
0 0.5125514403 0.9224965706 0.0411522634 0.0578875171
0 0.5391975309 0.8149519890 0.0368312757 0.0480109739
0 0.4548353909 0.7967078189 0.0384773663 0.0460905350
0 0.5700617284 0.6827160494 0.0290123457 0.0348422497
