0 0.4125376632 0.2271335250 0.0135587547 0.0354931013
0 0.5307594937 0.2991222147 0.0301265823 0.0378122890
0 0.4445569620 0.2726198515 0.0278481013 0.0361242404
0 0.5064556962 0.2505064146 0.0382278481 0.0391627279
0 0.5888607595 0.2646860230 0.0405063291 0.0438892640
0 0.6737974684 0.3006414585 0.0686075949 0.0995948683
0 0.3856962025 0.2182646860 0.0321518987 0.0361242404
0 0.3292405063 0.2432478055 0.0240506329 0.0320729237
0 0.6307594937 0.4147535449 0.0529113924 0.0739365294
0 0.5817721519 0.4392302498 0.0592405063 0.0850776502
0 0.4515189873 0.5018568535 0.0711392405 0.0975692100
0 0.3639240506 0.5440580689 0.0741772152 0.1097231600
0 0.4885792601 0.2389076357 0.0206804489 0.0554696901
