0 0.4875949367 0.5683659689 0.0273417722 0.0320729237
0 0.4230379747 0.7943956786 0.0344303797 0.0438892640
0 0.3794936709 0.6931127616 0.0303797468 0.0378122890
0 0.4481012658 0.7050979068 0.0298734177 0.0381498987
0 0.1451898734 0.4250506415 0.1313924051 0.1363943282
0 0.3055696203 0.3816677920 0.0627848101 0.1306549629
0 0.5079746835 0.4817690749 0.1227848101 0.1559756921
0 0.5975949367 0.2255232951 0.0832911392 0.1019581364
0 0.4677215190 0.1596893991 0.0341772152 0.0857528697
0 0.3408860759 0.2104996624 0.0610126582 0.0881161377
0 0.2369620253 0.0231262660 0.1007594937 0.0428764348
0 0.5495480415 0.0265640191 0.1054569803 0.0477705891
