0 0.5045645201 0.6655152562 0.0552677031 0.0842174524
0 0.8144570313 0.7355694446 0.0627526042 0.0948333333
0 0.7276685393 0.7256554307 0.1193820225 0.1382022472
0 0.4227528090 0.6265917603 0.1067415730 0.1176029963
0 0.5719101124 0.6067415730 0.0646067416 0.0636704120
0 0.5505617978 0.4764044944 0.0724719101 0.0726591760
0 0.5244382022 0.3970037453 0.0932584270 0.0966292135
0 0.7612359551 0.5237827715 0.0769662921 0.0887640449
0 0.7623595506 0.4531835206 0.0988764045 0.1153558052
0 0.6372191011 0.3149812734 0.0570224719 0.0606741573
