0 0.3486250000 0.4788333333 0.0867500000 0.0986666667
0 0.3785000000 0.3360000000 0.1207500000 0.1256666667
0 0.4965625000 0.6620000000 0.1451250000 0.1556666667
0 0.7183750000 0.5635000000 0.1017500000 0.0976666667
0 0.7910000000 0.6024166667 0.1112500000 0.1248333333
0 0.6178125000 0.4831666667 0.0861250000 0.0750000000
0 0.6590000000 0.3231666667 0.0977500000 0.1086666667
0 0.5809375000 0.7002500000 0.0438750000 0.0721666667
0 0.3939375000 0.8140000000 0.0603750000 0.0860000000
0 0.3137500000 0.8624166667 0.0685000000 0.1028333333
0 0.3151875000 0.7330833333 0.0338750000 0.0641666667
