0 0.3794943820 0.9101123596 0.0758426966 0.0988764045
0 0.5321629213 0.8567415730 0.0896067416 0.1269662921
0 0.4596910112 0.7983146067 0.0250000000 0.0662921348
0 0.4405898876 0.6500000000 0.1025280899 0.1104868914
0 0.7564606742 0.6702247191 0.1106741573 0.1307116105
0 0.5905898876 0.5852059925 0.0390449438 0.1007490637
0 0.7335674157 0.3558052434 0.0912921348 0.1056179775
0 0.5078651685 0.3574906367 0.0865168539 0.0955056180
0 0.6168539326 0.2986891386 0.0331460674 0.0880149813
0 0.5262239965 0.5328645376 0.0691488424 0.0812579352
0 0.7271484375 0.5346354167 0.0699218750 0.0796875000
