0 0.2405251142 0.0549467275 0.0413242009 0.0964992390
0 0.3009132420 0.0596651446 0.0356164384 0.0645357686
0 0.4802511416 0.6578386606 0.0385844749 0.0389649924
0 0.5469178082 0.7774733638 0.0559360731 0.0809741248
0 0.6148401826 0.7450532725 0.0520547945 0.0764079148
0 0.3762557078 0.8499238965 0.0616438356 0.0949771689
0 0.2807077626 0.9016742770 0.0787671233 0.0955859970
0 0.4417808219 0.5070015221 0.0401826484 0.0435312024
0 0.5038812785 0.4838660578 0.0369863014 0.0410958904
0 0.3708904110 0.4552511416 0.0134703196 0.0283105023
0 0.3276255708 0.4409436834 0.0273972603 0.0222222222
0 0.3160958904 0.4739726027 0.0340182648 0.0365296804
0 0.2681506849 0.4599695586 0.0326484018 0.0340943683
0 0.2670674546 0.7298417228 0.0442225393 0.0570613409
