0 0.4397260274 0.4899543379 0.0826484018 0.0879756469
0 0.3663242009 0.4698630137 0.0755707763 0.0855403349
0 0.5698630137 0.3547945205 0.0470319635 0.0538812785
0 0.6267123288 0.3648401826 0.0534246575 0.0569254186
0 0.5547945205 0.2050228311 0.0703196347 0.0770167428
0 0.4871004566 0.2048706240 0.0623287671 0.0694063927
0 0.5531963470 0.7984779300 0.0269406393 0.0334855403
0 0.6060502283 0.8251141553 0.0267123288 0.0362252664
0 0.4355022831 0.9701674277 0.0326484018 0.0462709285
0 0.3781963470 0.9398782344 0.0194063927 0.0258751903
