0 0.7066936728 0.4049639918 0.0669367284 0.0547839506
0 0.7038001543 0.4444444444 0.0711805556 0.0905349794
0 0.8417245370 0.4131944444 0.0711805556 0.0964506173
0 0.2286844136 0.5033436214 0.0758101852 0.0925925926
0 0.2399691358 0.6359310700 0.0790895062 0.0913065844
0 0.3585069444 0.6257716049 0.0549768519 0.0946502058
0 0.3894675926 0.6844135802 0.0767746914 0.0967078189
0 0.3526234568 0.4884259259 0.0563271605 0.0864197531
0 0.3707561728 0.5034722222 0.0675154321 0.0969650206
0 0.7161458333 0.5799897119 0.0700231481 0.0879629630
0 0.7200038580 0.6454475309 0.0707947531 0.0748456790
0 0.8462577160 0.5889917695 0.0690586420 0.0946502058
