0 0.6112359551 0.2269662921 0.0584269663 0.0576779026
0 0.7240168539 0.3743445693 0.0969101124 0.1052434457
0 0.5044943820 0.3662921348 0.0876404494 0.0921348315
0 0.5108146067 0.4704119850 0.0705056180 0.0674157303
0 0.7140449438 0.4816479401 0.0707865169 0.0808988764
0 0.7789325843 0.6601123596 0.1202247191 0.1239700375
0 0.4599719101 0.6265917603 0.1047752809 0.1101123596
0 0.6835674157 0.8258426966 0.0317415730 0.0674157303
0 0.6848314607 0.8958801498 0.0376404494 0.0771535581
0 0.5220505618 0.9807116105 0.0216292135 0.0303370787
0 0.5419943820 0.8670411985 0.0193820225 0.0239700375
