0 0.4452500000 0.3046666667 0.0960000000 0.1113333333
0 0.4368750000 0.9126666667 0.1187500000 0.1326666667
0 0.7081250000 0.9378333333 0.0957500000 0.1203333333
0 0.6767500000 0.6426666667 0.0575000000 0.1093333333
0 0.8123750000 0.6966666667 0.1762500000 0.2106666667
0 0.6602500000 0.5403333333 0.1735000000 0.1680000000
0 0.5881250000 0.5208333333 0.0667500000 0.1663333333
0 0.3792500000 0.6381666667 0.1815000000 0.2130000000
0 0.3872500000 0.1165000000 0.1650000000 0.2043333333
0 0.6811250000 0.3498333333 0.0752500000 0.1010000000
0 0.7838750000 0.2083333333 0.1527500000 0.1806666667
0 0.5833750000 0.0578333333 0.0607500000 0.1130000000
