0 0.5036250000 0.5988888889 0.0542500000 0.1488888889
0 0.4418750000 0.7133333333 0.0272500000 0.0275555556
0 0.4361250000 0.8208888889 0.0382500000 0.0311111111
0 0.6390000000 0.4315555556 0.0645000000 0.1306666667
0 0.6536250000 0.5564444444 0.0407500000 0.1182222222
0 0.6197500000 0.0604444444 0.0235000000 0.0648888889
0 0.6205000000 0.1008888889 0.0240000000 0.0675555556
0 0.4056250000 0.0577777778 0.0227500000 0.0640000000
0 0.3998750000 0.0922222222 0.0252500000 0.0653333333
0 0.4197500000 0.3020000000 0.0485000000 0.1391111111
0 0.4852500000 0.2588888889 0.0715000000 0.1453333333
0 0.3363750000 0.4151111111 0.0672500000 0.1226666667
0 0.2930000000 0.5300000000 0.0480000000 0.1080000000
0 0.2981250000 0.7508888889 0.0427500000 0.1453333333
0 0.6815000000 0.7815555556 0.0535000000 0.1400000000
