0 0.8000000000 0.6924375422 0.1382278481 0.1775827144
0 0.5693670886 0.8435178933 0.0248101266 0.0374746793
0 0.5621518987 0.9242066172 0.0316455696 0.0435516543
0 0.6437974684 0.9361917623 0.0268354430 0.0432140446
0 0.6458227848 0.8475692100 0.0212658228 0.0381498987
0 0.6113924051 0.5486158001 0.0521518987 0.1282916948
0 0.4422784810 0.5862592843 0.1103797468 0.1151249156
0 0.5653164557 0.3889264011 0.0724050633 0.0742741391
0 0.6865822785 0.3529709656 0.0359493671 0.0854152600
0 0.6563291139 0.4247130317 0.0432911392 0.1053342336
0 0.8046835443 0.5204253883 0.1005063291 0.1151249156
0 0.8108860759 0.4296083727 0.0805063291 0.0968939905
