0 0.4656962025 0.5307224848 0.0478481013 0.0891289669
0 0.4192405063 0.4706279541 0.0435443038 0.0756245780
0 0.3653164557 0.4076637407 0.0293670886 0.0665091155
0 0.3427848101 0.3740715733 0.0288607595 0.0607697502
0 0.5110126582 0.5779878460 0.0255696203 0.0337609723
0 0.7435443038 0.2942268737 0.0283544304 0.0503038488
0 0.6853164557 0.0224510466 0.1007594937 0.0401755571
0 0.7965822785 0.0244767049 0.0954430380 0.0408507765
0 0.8962025316 0.0253207292 0.0982278481 0.0418636057
0 0.9273417722 0.2537137070 0.0227848101 0.0239702903
0 0.9598734177 0.2685685348 0.0215189873 0.0253207292
