0 0.8192553008 0.5251495679 0.1777279779 0.1657434079
0 0.8298569212 0.1178816752 0.0958455439 0.0775537337
0 0.7296155835 0.1912253490 0.1084295811 0.0651451363
0 0.6412687468 0.2514956791 0.0934321669 0.0992687791
0 0.3764868126 0.0988256149 0.0965350802 0.1019277642
0 0.2932253060 0.2839574562 0.1151525599 0.1486815865
0 0.4010515428 0.2800797696 0.1504912946 0.1963217372
0 0.3837269436 0.6128960780 0.0675745561 0.0779968979
0 0.5835200827 0.6757146023 0.1430787795 0.1961001551
0 0.4850887778 0.9259915799 0.0330977418 0.0398847773
0 0.6065333563 0.9475958343 0.0729184623 0.1003766896
