0 0.5233644860 0.5914000831 0.0809968847 0.0893228085
0 0.6048286604 0.6541337765 0.0676012461 0.0918155380
0 0.7211838006 0.6420855837 0.0616822430 0.0859991691
0 0.7333333333 0.5203572912 0.0828660436 0.0868300789
0 0.6362928349 0.5228500208 0.0470404984 0.0502700457
0 0.6559190031 0.3196925634 0.0757009346 0.0835064396
0 0.5613707165 0.2436643124 0.0436137072 0.0436227669
0 0.4811526480 0.3747403407 0.0775700935 0.0822600748
0 0.5292834891 0.3255089323 0.0323987539 0.0344827586
0 0.6155648741 0.3363632302 0.0476073016 0.0680950503
0 0.4585365731 0.7443817086 0.0629574165 0.0959177744
