0 0.3817968750 0.3167291667 0.0515104167 0.0991805557
0 0.4566875000 0.3645833333 0.0638750000 0.1695000000
0 0.7201250000 0.4614166667 0.1860000000 0.1845000000
0 0.6333750000 0.5045000000 0.0915000000 0.1020000000
0 0.6242500000 0.3231666667 0.0882500000 0.0936666667
0 0.6803125000 0.2371666667 0.1228750000 0.1453333333
0 0.6446250000 0.0905833333 0.1027500000 0.1245000000
0 0.3285625000 0.2434166667 0.1221250000 0.1511666667
0 0.4942500000 0.1424166667 0.0487500000 0.1328333333
0 0.3824375000 0.1097500000 0.0983750000 0.1095000000
0 0.5090000000 0.0285833333 0.0360000000 0.0568333333
0 0.2385000000 0.4720833333 0.1597500000 0.1795000000
0 0.3526875000 0.4986666667 0.0951250000 0.1033333333
0 0.2869375000 0.7365000000 0.1231250000 0.1416666667
0 0.4589375000 0.6959166667 0.0498750000 0.1091666667
0 0.6565000000 0.7499166667 0.1415000000 0.1511666667
