0 0.5040123457 0.7155006859 0.0092592593 0.0246913580
0 0.4836419753 0.7650205761 0.0232510288 0.0326474623
0 0.5300411523 0.9515775034 0.0246913580 0.0348422497
0 0.4524691358 0.8670781893 0.0246913580 0.0529492455
0 0.4363168724 0.9397805213 0.0269547325 0.0567901235
0 0.5424897119 0.8787379973 0.0269547325 0.0373113855
0 0.6740740741 0.8672153635 0.0300411523 0.0395061728
0 0.6919753086 0.8104252401 0.0255144033 0.0334705075
0 0.7594650206 0.8480109739 0.0292181070 0.0356652949
0 0.7491769547 0.9069958848 0.0312757202 0.0427983539
0 0.4830246914 0.4654320988 0.0401234568 0.1001371742
0 0.5083333333 0.4142661180 0.0355967078 0.0855967078
0 0.5774691358 0.4167352538 0.0347736626 0.0674897119
0 0.5591563786 0.4812071331 0.0384773663 0.0971193416
0 0.5220164609 0.5978052126 0.0506172840 0.1212620027
0 0.4316872428 0.5832647462 0.0489711934 0.1190672154
