0 0.2901234568 0.7625514403 0.0320987654 0.0677640604
0 0.3160493827 0.6190672154 0.0275720165 0.0491083676
0 0.3271604938 0.5613168724 0.0267489712 0.0504801097
0 0.4112139918 0.6032921811 0.0240740741 0.0241426612
0 0.4155349794 0.5429355281 0.0261316872 0.0301783265
0 0.3619341564 0.3958847737 0.0094650206 0.0235939643
0 0.3463991770 0.4351165981 0.0265432099 0.0323731139
0 0.6139917695 0.4914951989 0.0263374486 0.0353909465
0 0.6174897119 0.4504801097 0.0263374486 0.0318244170
0 0.5539094650 0.4349794239 0.0246913580 0.0331961591
0 0.5420781893 0.4766803841 0.0273662551 0.0310013717
0 0.3994855967 0.0384087791 0.0335390947 0.0707818930
0 0.3683127572 0.0683127572 0.0460905350 0.1262002743
0 0.3348765432 0.0255144033 0.0281893004 0.0460905350
0 0.3132716049 0.0400548697 0.0405349794 0.0729766804
0 0.2711934156 0.0691358025 0.0588477366 0.1311385460
0 0.4137027847 0.0286738351 0.0201268265 0.0536715374
