0 0.4196202532 0.5557056043 0.0989873418 0.1107359892
0 0.4650632911 0.4117150574 0.0637974684 0.0712356516
0 0.4567088608 0.3268062120 0.0870886076 0.0979068197
0 0.3346835443 0.9358541526 0.0136708861 0.0465901418
0 0.3218987342 0.9839635381 0.0210126582 0.0293720459
0 0.5163291139 0.9468264686 0.0275949367 0.0712356516
0 0.6032911392 0.9473328832 0.0283544304 0.0749493585
0 0.7289873418 0.9490209318 0.0296202532 0.0749493585
0 0.9113924051 0.3678257934 0.0405063291 0.0354490209
0 0.8553164557 0.3685010128 0.0422784810 0.0374746793
0 0.9503797468 0.1873733964 0.0602531646 0.0506414585
