0 0.4991573034 0.0698501873 0.0657303371 0.0745318352
0 0.6596910112 0.0893258427 0.1047752809 0.1157303371
0 0.3405898876 0.1705992509 0.0997191011 0.1269662921
0 0.4146067416 0.3232209738 0.0337078652 0.0651685393
0 0.4174157303 0.4505617978 0.0370786517 0.0681647940
0 0.4228932584 0.5264044944 0.0407303371 0.0640449438
0 0.5332865169 0.4822097378 0.0283707865 0.0370786517
0 0.6056179775 0.4940074906 0.0404494382 0.0367041199
0 0.5487359551 0.4943820225 0.0272471910 0.0337078652
0 0.4244382813 0.4864687500 0.0379984374 0.0437291667
