0 0.3997468354 0.5307224848 0.1412658228 0.1465226199
0 0.6077215190 0.4652261985 0.0589873418 0.1525995949
0 0.5613924051 0.3950033761 0.0665822785 0.0891289669
0 0.8643037975 0.5779878460 0.1827848101 0.1769074949
0 0.8492405063 0.4110398379 0.1070886076 0.1022957461
0 0.7141772152 0.3352464551 0.0227848101 0.0668467252
0 0.8846835443 0.1205266712 0.1410126582 0.1546252532
0 0.5253164557 0.1438217421 0.1205063291 0.1424713032
0 0.6924050633 0.0481093856 0.0526582278 0.0894665766
0 0.6993670886 0.8171843349 0.0326582278 0.0374746793
