0 0.6234332425 0.7962780380 0.0425068120 0.0717278777
0 0.6324250681 0.7127187577 0.0521344233 0.0613754005
0 0.6340599455 0.6441952181 0.0739327884 0.0894749815
0 0.6226158038 0.5104757210 0.0808356040 0.1138772492
0 0.7001816530 0.4157012571 0.0768392371 0.0761646537
0 0.4617620345 0.3301700764 0.0839237057 0.1279270397
0 0.4899182561 0.1107961548 0.0748410536 0.0919398570
0 0.6089918256 0.2340399310 0.0811989101 0.1052501849
0 0.6142597639 0.3283214198 0.0615803815 0.0793689919
0 0.5322434151 0.6747596746 0.0279745686 0.1220113384
0 0.4558583106 0.8014542766 0.0339691190 0.0751787035
0 0.3031789282 0.4046093172 0.0821071753 0.1146167119
