0 0.3492535892 0.0406289677 0.0439510695 0.0742259987
0 0.1057847099 0.0275408653 0.1032778408 0.0533576855
0 0.4394375000 0.4160000000 0.1026250000 0.1143333333
0 0.4053750000 0.3001666667 0.0802500000 0.0906666667
0 0.5909375000 0.2243333333 0.1506250000 0.1686666667
0 0.4623750000 0.1165000000 0.1085000000 0.1123333333
0 0.1181250000 0.0895000000 0.1437500000 0.1313333333
0 0.1464375000 0.2294166667 0.1983750000 0.1961666667
0 0.0878750000 0.6183333333 0.1752500000 0.1796666667
0 0.1699242489 0.2923872434 0.0965461325 0.0845912352
