0 0.4479750779 0.5494391359 0.0479750779 0.0511009555
0 0.2820872274 0.4640631491 0.0376947040 0.0357291234
0 0.3562305296 0.4987536352 0.0408099688 0.0427918571
0 0.3841121495 0.4046530951 0.0529595016 0.1312837557
0 0.4411214953 0.4272953885 0.0560747664 0.1449937682
0 0.2113707165 0.0689655172 0.0364485981 0.0847528043
0 0.1800623053 0.0722891566 0.0330218069 0.0814291649
0 0.0705607477 0.3076443706 0.0383177570 0.0776900706
0 0.1001557632 0.3188616535 0.0401869159 0.0851682592
0 0.4551401869 0.8483589531 0.0311526480 0.0573327794
0 0.4933021807 0.9204403822 0.0327102804 0.0577482343
