0 0.2087341772 0.6839972991 0.0341772152 0.0648210668
0 0.2502531646 0.6087103309 0.0417721519 0.0411883862
0 0.0549367089 0.2052667117 0.0916455696 0.1019581364
0 0.1950632911 0.0553679946 0.0812658228 0.0952059419
0 0.1892405063 0.1792707630 0.1065822785 0.1127616475
0 0.4510126582 0.1944632005 0.0640506329 0.0790006752
0 0.6643037975 0.1369007427 0.0805063291 0.0800135044
0 0.4555696203 0.3841998650 0.0488607595 0.0472653612
0 0.3503797468 0.3695138420 0.0440506329 0.0442268737
0 0.5640506329 0.9309588116 0.0207594937 0.0320729237
0 0.4489873418 0.8615800135 0.0184810127 0.0182309251
0 0.3551898734 0.8089128967 0.0177215190 0.0216070223
0 0.6391139241 0.8538149899 0.0286075949 0.0371370695
0 0.5264556962 0.8011478731 0.0281012658 0.0303848751
0 0.4320253165 0.7562457799 0.0270886076 0.0290344362
0 0.8870886076 0.7937204591 0.0491139241 0.0749493585
0 0.8726582278 0.8661377448 0.0470886076 0.0928426739
0 0.8469620253 0.9642133693 0.0630379747 0.0681971641
