0 0.0189239913 0.5750110302 0.0353456367 0.0796714595
0 0.5074683544 0.6851789332 0.1329113924 0.1421336935
0 0.4824050633 0.5850776502 0.0741772152 0.0796758947
0 0.9144303797 0.7278865631 0.1610126582 0.1647535449
0 0.7351898734 0.6125928427 0.0329113924 0.0786630655
0 0.7059493671 0.6196826469 0.0503797468 0.1279540851
0 0.5956962025 0.5494598244 0.0288607595 0.0725860905
0 0.7813924051 0.4012491560 0.1075949367 0.1178257934
0 0.6501265823 0.3053679946 0.0420253165 0.0975692100
0 0.5040506329 0.3506076975 0.1032911392 0.1171505739
0 0.0910370718 0.5757267638 0.0351947441 0.0863590145
