0 0.4781012658 0.5332545577 0.0579746835 0.1394328157
0 0.3683544304 0.5162052667 0.0567088608 0.1377447670
0 0.4465822785 0.2240040513 0.0420253165 0.1103983795
0 0.5498734177 0.2224848076 0.0435443038 0.1201890614
0 0.5865822785 0.3982106685 0.0324050633 0.0948683322
0 0.6181012658 0.8678257934 0.0311392405 0.0651586766
0 0.4556962025 0.7537137070 0.0369620253 0.0678595544
0 0.4284810127 0.8050303849 0.0422784810 0.0766374072
0 0.4365822785 0.8620864281 0.0220253165 0.0327481431
0 0.3562025316 0.9417623228 0.0546835443 0.0982444294
0 0.3096606885 0.9888715365 0.0317222423 0.0201908629
